# unix_time, cycles_done, cur_path, paths_total, pending_total, pending_favs, map_size, unique_crashes, unique_hangs, max_depth, execs_per_sec
1734492317, 0, 0, 1, 1, 1, 0.01%, 0, 0, 1, 216.22
1734492322, 0, 0, 5, 5, 1, 0.02%, 1, 0, 2, 355.39
1734492327, 0, 0, 5, 5, 1, 0.02%, 3, 0, 2, 335.26
1734492332, 0, 1, 5, 4, 4, 0.02%, 4, 0, 2, 420.47
1734492337, 0, 2, 5, 3, 3, 0.02%, 4, 0, 2, 407.06
1734492342, 0, 3, 5, 2, 2, 0.02%, 6, 0, 2, 427.50
1734492347, 1, 1, 5, 0, 0, 0.02%, 6, 0, 2, 393.45
1734492352, 2, 1, 5, 0, 0, 0.02%, 6, 0, 2, 371.17
1734492357, 2, 4, 5, 0, 0, 0.02%, 6, 0, 2, 360.24
1734492362, 3, 3, 5, 0, 0, 0.02%, 6, 0, 2, 405.90
