# unix_time, cycles_done, cur_path, paths_total, pending_total, pending_favs, map_size, unique_crashes, unique_hangs, max_depth, execs_per_sec
1734492603, 0, 0, 1, 1, 1, 0.01%, 0, 0, 1, 320.00
1734492608, 0, 0, 3, 3, 1, 0.01%, 1, 0, 2, 375.93
1734492613, 0, 2, 3, 1, 1, 0.01%, 2, 0, 2, 479.09
1734492618, 0, 2, 5, 3, 1, 0.02%, 3, 0, 3, 394.31
1734492623, 0, 3, 5, 2, 2, 0.02%, 4, 0, 3, 398.96
1734492628, 0, 4, 5, 1, 1, 0.02%, 5, 0, 3, 459.25
1734492633, 1, 3, 5, 0, 0, 0.02%, 5, 0, 3, 420.39
1734492638, 2, 3, 5, 0, 0, 0.02%, 5, 0, 3, 450.33
1734492644, 3, 3, 5, 0, 0, 0.02%, 5, 0, 3, 547.93
